5.195812326169709986e-05 4.994236049174621828e-01 1.673132960621403413e-04 3.823834974388662289e+01 -6.331743548313157905e-07
1.631485070417288926e-04 1.568043016109621712e+00 4.942622782330988000e-03 1.926407105213140767e+02 -1.096073161143588470e-04
2.899055445509651080e-04 2.784535299464512281e+00 3.913361580534515521e-02 4.805120702421685337e+02 -2.736245409392106150e-03
4.344085673114942824e-04 4.153729711247445167e+00 1.659276355266154912e-01 9.130641669092127586e+02 -2.500276703996740651e-02
5.991420132584975890e-04 5.622496831494433245e+00 4.729626562114004895e-01 1.486310272418064415e+03 -1.123694400703072194e-01
7.869381416380815189e-04 7.047885417732482338e+00 9.579723606649737100e-01 1.991426505035572063e+03 -2.811802616821807987e-01
1.001025727990806965e-03 8.301651582534947948e+00 1.470402037010407170e+00 2.166325813721188752e+03 -4.623860308893372184e-01
1.245085576432914147e-03 9.360958579169654570e+00 1.892183235035420186e+00 2.048282300163061336e+03 -6.012261334833282067e-01
1.523313803656916286e-03 1.025984722597477372e+01 2.206091542902926417e+00 1.802139813770995943e+03 -6.967716996467560042e-01
1.840493982692278149e-03 1.103755962030418658e+01 2.434132160420034996e+00 1.534813740775842462e+03 -7.623369632116535621e-01
2.202079386792591027e-03 1.172472871481970103e+01 2.600767090968819417e+00 1.290352567721984542e+03 -8.084835040894804425e-01
2.614286747466948099e-03 1.234341309617695259e+01 2.724478886681873657e+00 1.080979195935860389e+03 -8.419159601792431946e-01
3.084203138635714658e-03 1.290937084830169823e+01 2.817985551484229134e+00 9.063312601597975799e+02 -8.667817179102493830e-01
3.619907824568108570e-03 1.343400922965586552e+01 2.889864114794372441e+00 7.620194358314784040e+02 -8.856923915172750794e-01
4.230611166531037665e-03 1.392574531958038264e+01 2.945927972295768971e+00 6.429594365484516629e+02 -9.003384960418053806e-01
4.926812976368776659e-03 1.439091427602236628e+01 2.990172614053677513e+00 5.445173460658459135e+02 -9.118452461175574619e-01
5.720483039583798210e-03 1.483437469660663766e+01 3.025389157343342461e+00 4.628047082706331139e+02 -9.209806833299357676e-01
6.625266911648924201e-03 1.525991732931979783e+01 3.053557999622660724e+00 3.946675232682392220e+02 -9.282803753643190658e-01
7.656720525803167171e-03 1.567054595814700235e+01 3.076102977596033128e+00 3.375819450822923500e+02 -9.341241662307735449e-01
8.832577645939004851e-03 1.606867413487898943e+01 3.094057626825930107e+00 2.895359291978048191e+02 -9.387846654720305439e-01
1.017305476289385828e-02 1.645626556186595479e+01 3.108175622563532414e+00 2.489233873986418075e+02 -9.424586229067527521e-01
1.170119867622239351e-02 1.683493605398879822e+01 3.119005268356807914e+00 2.144572556178391096e+02 -9.452876573394248805e-01
1.344328273741692004e-02 1.720602882796689670e+01 3.126940429444642344e+00 1.851006969848465644e+02 -9.473721891373836357e-01
1.542925856717868374e-02 1.757067095016356006e+01 3.132255746095906623e+00 1.600135474774231170e+02 -9.487809243989446806e-01
1.769327101310709180e-02 1.792981625174582661e+01 3.135131152457541592e+00 1.385108847317571019e+02 -9.495573549322249285e-01
2.027424520146547948e-02 1.828427836797080985e+01 3.135668973431056550e+00 1.200309954638921823e+02 -9.497242058603219128e-01
2.321655577619403596e-02 1.863475645739960385e+01 3.133905761627143072e+00 1.041105461832120938e+02 -9.492864342653766219e-01
2.657078983138459055e-02 1.898185541029243240e+01 3.129820321680981898e+00 9.036525287451897270e+01 -9.482331751122825558e-01
3.039461665430182730e-02 1.932610184019151589e+01 3.123338901619858277e+00 7.847474991558800639e+01 -9.465388971012858033e-01
3.475377923242747163e-02 1.966795679035841005e+01 3.114338220135423718e+00 6.817067482954099944e+01 -9.441639430386739029e-01
3.972322457149070341e-02 2.000782582644773555e+01 3.102646788768767205e+00 5.922722652414582001e+01 -9.410545699234718064e-01
4.538839225802279720e-02 2.034606699486049308e+01 3.088044844401114819e+00 5.145363607837572317e+01 -9.371425628766993920e-01
5.184668342066937885e-02 2.068299697965503370e+01 3.070263108243999284e+00 4.468812494586684636e+01 -9.323444678130958785e-01
5.920913534608648887e-02 2.101889567341407172e+01 3.048980519174508519e+00 3.879302701995441538e+01 -9.265604662400398484e-01
6.760233054106198902e-02 2.135400927679760130e+01 3.023821043735293923e+00 3.365082710454515080e+01 -9.196728990709935880e-01
7.717057306333405253e-02 2.168855194751481719e+01 2.994349638514107959e+00 2.916092554520812996e+01 -9.115444330706202747e-01
8.807836953872419383e-02 2.202270592262556903e+01 2.960067432701701584e+00 2.523698198723543840e+01 -9.020158522777618204e-01
1.005132575206689610e-01 2.235661992817753685e+01 2.920406213274099105e+00 2.180472405735999786e+01 -8.909034466128676888e-01
1.146890298200859970e-01 2.269040555458380837e+01 2.874722341967848926e+00 1.880013188575775018e+01 -8.779959602165934296e-01
1.308494102414214377e-01 2.302413109771175925e+01 2.822290330368432798e+00 1.616792877979764853e+01 -8.630510523553442948e-01
1.492722439217438191e-01 2.335781211947302793e+01 2.762296480241331231e+00 1.386032351999918077e+01 -8.457912134585074959e-01
1.702742743173113471e-01 2.369139762978178609e+01 2.693833319953927496e+00 1.183596180933451514e+01 -8.258990674191628578e-01
1.942165889682583024e-01 2.402475027395615825e+01 2.615896140396260616e+00 1.005905426340502196e+01 -8.030119777699832317e-01
2.215108276703378620e-01 2.435761812752628686e+01 2.527383946629613742e+00 8.498656712627411736e+00 -7.767158579988473477e-01
2.526262597907085183e-01 2.468959448697176384e+01 2.427108945740056534e+00 7.128086122538283220e+00 -7.465380613384041686e-01
2.880978524079311764e-01 2.502006010526391222e+01 2.313821943176619378e+00 5.924462660023839256e+00 -7.119391840361257717e-01
3.285354679915648557e-01 2.534809910977292802e+01 2.186266971522501379e+00 4.868375733844184872e+00 -6.723035366187538608e-01
3.746343497569073477e-01 2.567237429181582797e+01 2.043289576855623402e+00 3.943679252219818743e+00 -6.269278646181344339e-01
4.271870749693977287e-01 2.599093735865348265e+01 1.884044367539056797e+00 3.137428005101861483e+00 -5.750074929627755349e-01
4.870971817116367397e-01 2.630093017605672756e+01 1.708388918915578536e+00 2.439970155683003128e+00 -5.156180990688604693e-01
5.553947033977891801e-01 2.659809238678213461e+01 1.517634755259640533e+00 1.845204178581354881e+00 -4.476893308807169958e-01
6.332538781200029998e-01 2.687590061959539156e+01 1.315998268351893818e+00 1.350984889211668705e+00 -3.699657321201645921e-01
7.220133373033268409e-01 2.712395986864732578e+01 1.113437456471282339e+00 9.596384996454294658e-01 -2.809814056200856669e-01
8.231991207723159398e-01 2.732487494309775045e+01 9.310454100929181909e-01 6.786789995232750394e-01 -1.793035008500131200e-01
9.385509139269634371e-01 2.744880718745183401e+01 8.092176957272759763e-01 5.228298453774959942e-01 -6.247194012357103893e-02
